,path number,logic level,data path delay,start point
0,0,28,0.9850000000000004,PMYBFCAO/sxemrhri/D
1,1,20,0.7240000000000002,HVCRXBIB/ddfpzdsz/D
2,2,28,1.0350000000000004,ZTDYXSGB/cwdoxyxl/E
3,3,30,0.9930000000000005,ORIHGSTR/xkmzhizf/D
4,4,21,0.7400000000000002,FLMOGNPW/umwydmph/E
5,5,32,1.0900000000000005,VSNEDVXL/wxlwuhpx/Q
6,6,23,0.7330000000000003,SLESPEFK/lwovdgmb/E
7,7,31,0.9940000000000004,FMXGXLKC/zzrbusbe/E
8,8,34,1.1440000000000006,TUABBSNA/tcwqceqt/E
9,9,31,1.0550000000000006,AQLGOLLM/udbzbabc/E
10,10,34,1.0110000000000006,UJNJZLYK/doqekrqv/D
11,11,30,1.0870000000000004,HNSGMYNL/xchxdyft/Q
12,12,30,0.9820000000000005,RVYQCTML/uudenuhl/E
13,13,16,0.5720000000000001,NOMVKJET/rombjosw/E
14,14,32,1.1000000000000005,MWFGOEQE/tajyaqbj/E
15,15,28,0.9980000000000004,LAQLFEFK/kflekfhh/E
16,16,21,0.7400000000000002,SUTMWSVK/mapxaymv/E
17,17,23,0.7660000000000003,NMTHJLIR/aspochtm/D
18,18,22,0.7140000000000003,EKWWZWVO/joqwkhte/E
19,19,29,1.0530000000000004,BITUXCOQ/gejlcqpg/E
20,20,23,0.8880000000000003,NYVHCLNP/kdaijptc/E
21,21,25,0.8260000000000003,TIBHOSKP/gcaggjmt/E
22,22,26,0.8710000000000003,KUQMOAIS/gprricxx/E
23,23,20,0.6370000000000002,UKUGOPNB/ixafgtbr/Q
24,24,20,0.7200000000000002,FLNEOVUX/mlxeqkoz/D
25,25,31,1.0440000000000005,VKQPIKNO/cxyzcpkb/Q
26,26,21,0.7230000000000003,ENEKJFRB/nlrniewp/Q
27,27,24,0.7920000000000003,JULPNEKP/yoyyspgi/E
28,28,22,0.7510000000000002,KUIZXYSL/myicmunf/D
29,29,15,0.5180000000000001,EUTVDSRQ/pipqmdwi/Q
30,30,20,0.7050000000000001,KTDNWFZY/ishujbzk/Q
31,31,29,0.9870000000000004,SCONDMPG/wvfmlcfe/Q
32,32,16,0.5200000000000001,QIGUDKIX/drrrspbm/E
33,33,20,0.6340000000000002,VDKLRXQC/nfwmctuf/E
34,34,33,1.1490000000000005,BQQXIITH/oohqsxkk/E
35,35,15,0.5650000000000002,GKSCIPWE/mofdlxvh/D
36,36,21,0.7560000000000002,CWWRMFAO/axlgqwwx/E
37,37,23,0.8070000000000004,KWZJAING/fmpyejbc/D
38,38,23,0.7950000000000003,TPSBHMOU/lghphaqr/D
39,39,19,0.6440000000000001,BDIBLJVX/wtrjhhix/E
40,40,25,0.8830000000000002,TRHFIIQE/euzqpbdg/Q
41,41,34,1.1550000000000007,JEMJLKHG/wsdldgqi/E
42,42,30,1.1610000000000005,QTSIIEWN/lmehtqgh/E
43,43,24,0.7460000000000002,MSPVLSPQ/bcfzraja/Q
44,44,19,0.5930000000000002,HJUIKCEV/mdzjrmbf/D
45,45,26,0.8420000000000004,HWRAUKGO/xecsttfi/E
46,46,26,0.8870000000000003,BODQOCMT/azuvqrly/D
47,47,30,1.0990000000000004,WBLUSORK/mltnwoem/E
48,48,16,0.6110000000000002,BMADZSFI/giwunnoq/D
49,49,26,0.8370000000000004,QFFFJLEY/ohsrgphi/D
50,50,34,1.1670000000000007,SFYIDIKV/dpyozecu/Q
51,51,22,0.7290000000000003,OSQJBRJZ/zbduwcgd/E
52,52,17,0.6220000000000002,KBOPIBBG/uoahpatt/Q
53,53,20,0.7220000000000002,YXMLCMOC/kisgkwhb/D
54,54,26,0.9410000000000004,ESBZPWWE/xuanjdoc/Q
55,55,28,0.9410000000000003,CIRIPVJC/etsitcpt/E
56,56,21,0.7750000000000002,KPFEKERY/hogxbkue/Q
57,57,24,0.8130000000000003,UTDODNOJ/svrhejob/E
58,58,27,0.9400000000000003,DECTBBCA/kmxaliiu/D
59,59,30,1.0400000000000005,CPILTBOJ/twwoxtwz/E
60,60,17,0.56,QODIZMYI/dcytzknq/E
61,61,15,0.5980000000000002,RFGQOGYW/vfjnvxgi/E
62,62,21,0.7050000000000003,DGECDCNU/qxbrhysb/Q
63,63,33,1.1190000000000007,UHQQFSXK/czqmdmsb/E
64,64,19,0.6380000000000001,SKOWOKVI/ycnvbgsl/E
65,65,27,0.9200000000000004,PRFWSNFN/gvjwscla/D
66,66,33,1.1420000000000006,MKLSQIUH/edsmtwxw/E
67,67,28,0.8130000000000004,SZOGDBQJ/zslmhpsf/Q
68,68,23,0.7900000000000004,THISYUCG/jmvkyucy/E
69,69,30,0.9730000000000003,EFXJYDYE/szjihxzb/E
70,70,23,0.8300000000000003,TNCZGIAJ/wvtixvbz/Q
71,71,33,1.1550000000000007,FWDATBKX/uoyrijdg/E
72,72,20,0.6990000000000002,TKFLBSGR/jfaanukq/D
73,73,34,1.0800000000000005,ZHHBIFIF/skkihkfx/Q
74,74,29,1.0380000000000005,LHMSPVSO/avoumtat/E
75,75,32,0.9980000000000006,LCNNRCPJ/welmvgzr/Q
76,76,16,0.5450000000000002,PFBVMUFE/ueaigznz/D
77,77,25,0.9220000000000003,TPTPOJQN/xtdntllw/Q
78,78,21,0.6570000000000001,MQYPZWPK/msrosisd/Q
79,79,31,0.9950000000000004,RPXOYLUS/zekmlauu/D
80,80,24,0.7970000000000003,JLNQJKQM/jamaxtha/E
81,81,21,0.6870000000000003,NZJMWAVY/ywieuyuk/E
82,82,21,0.7290000000000002,RYNFHEPM/bzehbjth/E
83,83,20,0.6330000000000002,MCBIQQZI/dwayjujx/D
84,84,30,1.1690000000000005,XRJYISID/nqxhpiqz/Q
85,85,25,0.9290000000000005,LAOZTGSE/rhtnajav/Q
86,86,24,0.8510000000000003,BUEZKGJU/iljjejuu/Q
87,87,22,0.8080000000000003,AUDHEDOS/stfbutfm/Q
88,88,18,0.5560000000000003,AJDNEIZB/lbdzhwie/E
89,89,15,0.5010000000000001,JXTPOACA/wsytmlhk/E
90,90,20,0.6500000000000001,FBFJYKEE/oizkfzsx/Q
91,91,18,0.5920000000000001,ACEOLRAU/plccxjdm/D
92,92,23,0.7480000000000003,FQAJQCRU/eghtxbns/D
93,93,17,0.6020000000000001,KRACSVVE/zyucqlcf/D
94,94,19,0.6260000000000002,JSJNYJWO/likmkoqj/D
95,95,20,0.6830000000000002,LCLZUUQJ/mxevwzzg/Q
96,96,19,0.6310000000000001,GYWZBSXM/xmxliqnw/Q
97,97,29,1.0640000000000005,HFCVUINX/yidwpzly/E
98,98,34,1.1960000000000006,VRKANCAQ/duqyfcqb/D
99,99,18,0.5880000000000001,OCUFYBFG/ykraltoi/D
